# This file has been automatically generated after a calibration run
parameters:
  interpolation:
    btk:
      gradient: -0.6
      gradient_sd: 0.25
      nugget: 0.5
      range: 200000.0
      sill: 25.0
      zscale: 20.0
    idw:
      max_distance: 200000.0
      max_members: 10
      precipitation_gradient: 2.0
  model:
    actual_evapotranspiration:
      scale_factor: 0.639696593417415
    data:
      constant_relative_humidity: 0.7
      constant_wind_speed: 2.0
    gamma_snow:
      calculate_iso_pot_energy: false
      fast_albedo_decay_rate: 11.464947021944363
      glacier_albedo: 0.4
      initial_bare_ground_fraction: 0.04
      max_albedo: 0.8624540369806869
      max_water: 0.1
      min_albedo: 0.3664032950505608
      slow_albedo_decay_rate: 33.11536694345829
      snow_cv: 0.4
      snow_tx: -0.7499667719318381
      snowfall_reset_depth: 5.0
      surface_magnitude: 30.0
      wind_const: 1.0
      wind_scale: 4.0
      winter_end_day_of_year: 100
    kirchner:
      c1: -3.9625173264498623
      c2: 0.6323222147878632
      c3: -0.070871938359464
    model_api: PTGSKModel
    p_corr_scale_factor: 1.0243488783092953
    priestley_taylor:
      albedo: 0.2
      alpha: 1.26
